1
13
17
18
21
24
25
26
27
28
31
32
33
35
36
40
41
49
50
58
59
66
73
74
79
80
81
84
85
91
92
111
112
120
121
122
123
136
140
141
143
144
145
146
150
157
158
192
209
213
214
228
244
249
250
254
264
274
275
276
278
279
280
281
286
287
303
304
305
310
311
312
317
319
320
321
342
346
348
367
368
385
386
391
392
396
397
398
401
419
420
421
438
439
441
442
446
447
450
461
462
464
466
467
468
482
496
503
512
513
514
519
520
523
524
525
533
534
535
544
550
554
555
556
569
570
571
572
573
574
583
584
601
608
609
610
611
628
629
635
636
649
661
665
677
692
693
700
701
702
726
730
733
740
741
751
752
756
757
758
760
763
766
770
771
772
777
784
785
786
790
791
794
798
811
813
814
826
833
837
841
842
848
849
852
858
859
863
867
868
871
872
873
874
878
879
880
884
891
892
894
903
908
912
913
918
926
927
928
929
930
934
939
947
952
953
954
955
960
961
962
963
964
965
970
971
972
978
979
980
982
984
985
986
989
990
991
992
993
999
1000
1002
1003
1004
1014
1015
1029
1030
1031
1032
1036
1037
1043
1044
1048
1049
1050
1054
1055
1056
1080
1081
1082
1083
1090
1093
1096
1097
1098
1099
1107
1108
1111
1112
1113
1118
1121
1122
1124
1128
1131
1139
1140
1150
1153
1154
1155
1156
1157
1158
1159
1169
1172
1174
1175
1176
1177
1178
1179
1180
1181
1186
1187
1188
1190
1191
1194
1198
1202
1211
1212
1213
1214
1215
1219
1222
1223
1224
1225
1230
1234
1236
1237
1238
1239
1240
1243
1248
1256
1258
1261
1266
1267
1268
1269
1272
1273
1278
1279
1280
1283
1284
1290
1298
1300
1303
1304
1305
1306
1307
1314
1317
1323
1324
1328
1329
1333
1334
1339
1343
1344
1355
1356
1358
1360
1361
1365
1366
1371
1372
1373
1377
1385
1386
1391
1395
1397
1400
1401
1416
1421
1422
1425
1426
1430
1433
1439
1440
1442
1443
1444
1446
1450
1451
1452
1453
1454
1455
1456
1457
1458
1460
1463
1465
1468
1469
1472
1473
1477
1479
1486
1487
1489
1490
1491
1492
1493
1497
1505
1506
1507
1515
1516
1517
1518
1519
1521
1522
1523
1528
1529
1530
1531
1533
1534
1538
1542
1543
1549
1557
1559
1561
1562
1563
1564
1570
1571
1575
1576
1579
1582
1583
1588
1589
1591
1593
1594
1595
1597
1602
1603
1608
1609
1612
1615
1616
1621
1627
1628
1631
1634
1636
1642
1643
1644
1646
1647
1649
1650
1651
1658
1659
1660
1665
1666
1676
1678
1679
1680
1681
1682
1683
1684
1687
1689
1693
1694
1696
1697
1698
1700
1704
1706
1707
1709
1715
1717
1724
1727
1728
1729
1733
1737
1740
1742
1748
1756
1757
1758
1760
1761
1762
1764
1766
1767
1770
1772
1777
1778
1782
1783
1784
1785
1786
1787
1788
1789
1791
1794
1797
1801
1802
1803
1806
1807
1808
1809
1810
1811
1813
1816
1817
1822
1823
1828
1829
1832
1834
1840
1841
1844
1846
1849
1850
1851
1852
1853
1856
1858
1862
1864
1865
1866
1867
1869
1876
1877
1878
1887
1888
1889
1891
1892
1893
1894
1895
1897
1898
1900
1901
1903
1904
1906
1908
1911
1912
1913
1915
1916
1917
1918
1919
1920
1921
1922
1923
1924
1926
1927
1932
1939
1940
1941
1942
1943
1945
1952
1953
1956
1958
1962
1964
1967
1968
1974
1975
1976
1980
1982
1984
1985
1986
1987
1988
1992
1993
1994
1995
1996
1998
1999
2000
2005
2006
2007
2008
2009
2010
2012
2014
2015
2016
2017
2018
2020
2026
2027
2029
2030
2031
2032
2033
2036
2037
2038
2039
2040
2043
2046
2047
2048
2049
2050
2051
2062
2063
2064
2065
2066
2067
2070
2073
2074
2075
2076
2077
2080
2081
2083
2084
2085
2087
2093
2094
2095
2097
2098
2099
2100
2101
2113
2115
2116
2118
2119
2125
2128
2129
2130
2132
2135
2139
2140
2141
2142
2143
2144
2145
2153
2155
2156
2157
2160
2161
2162
2163
2165
2167
2168
2169
2170
2171
2177
2180
2181
2187
2194
2197
2200
2202
2203
2207
2208
2209
2215
2225
2226
2227
2228
2229
2230
2231
2232
2233
2239
2241
2242
2243
2246
2258
2261
2262
2264
2265
2268
2269
2270
2274
2275
2276
2277
2279
2280
2281
2284
2285
2286
2287
2288
2295
2296
2297
2300
2302
2305
2307
2312
2314
2315
2319
2322
2324
2329
2330
2334
2336
2337
2338
2339
2341
2342
2343
2347
2352
2355
2356
2357
2360
2362
2370
2371
2372
2373
2374
2375
2376
2377
2379
2381
2383
2384
2385
2386
2388
2390
2391
2396
2398
2399
2404
2411
2414
2415
2416
2419
2422
2427
2428
2433
2440
2441
2442
2443
2444
2445
2447
2450
2456
2457
2458
2463
2464
2466
2469
2471
2473
2474
2479
2480
2481
2482
2484
2485
2486
2487
2490
2491
2492
2493
2494
2498
2499
2502
2506
2507
2508
2510
2519
2527
2531
2532
2535
2537
2538
2539
2543
2545
2548
2549
2553
2556
2557
2558
2561
2562
2563
2567
2573
2574
2575
2576
2577
2578
2579
2580
2584
2587
2590
2595
2596
2606
2608
2610
2619
2622
2623
2624
2626
2628
2629
2634
2635
2636
2637
2638
2639
2640
2643
2644
2647
2649
2650
2651
2652
2653
2654
2655
2660
2662
2663
2665
2666
2669
2670
2671
2674
2675
2680
2681
2683
2684
2688
2689
2690
2692
2693
2694
2695
2696
2698
2699
2700
2704
2708
2709
2710
2711
2712
2713
2717
2720
2721
2722
2724
2725
2727
2729
2730
2731
2733
2734
2735
2736
2737
2738
2739
2740
2744
2749
2750
2751
2754
2755
2758
2765
2771
2772
2776
2777
2778
2781
2782
2783
2784
2790
2791
2792
2793
2795
2796
2797
2800
2802
2803
2804
2808
2809
2811
2814
2815
2816
2817
2823
2824
2825
2826
2829
2830
2833
2834
2835
2836
2838
2842
2843
2844
2845
2846
2853
2855
2856
2858
2860
2861
2869
2870
2880
2883
2884
2885
2886
2889
2890
2891
2900
2901
2902
2904
2905
2907
2911
2912
2913
2914
2916
2917
2921
2922
2923
2924
2929
2934
2935
2936
2938
2939
2943
2945
2946
2949
2957
2958
2959
2960
2962
2964
2965
2966
2970
2972
2973
2974
2976
2977
2978
2979
2980
2983
2984
2985
2989
2990
2992
2994
2995
2996
2999
3001
3002
3005
3006
3008
3009
3014
3015
3016
3017
3022
3023
3029
3030
3031
3032
3035
3036
3037
3038
3039
3040
3045
3046
3047
3048
3049
3050
3052
3053
3054
3055
3056
3061
3062
3063
3064
3065
3066
3067
3071
3072
3073
3075
3076
3081
3082
3088
3090
3097
3099
3106
3107
3109
3110
3111
3112
3113
3115
3116
3118
3119
3121
3124
3125
3126
3129
3131
3132
3133
3137
3140
3143
3150
3151
3152
3153
3154
3158
3159
3160
3161
3162
3166
3167
3169
3170
3171
3172
3173
3174
3175
3176
3178
3179
3180
3183
3188
3189
3190
3191
3192
3199
3200
3202
3203
3204
3205
3206
3207
3208
3209
3210
3211
3212
3213
3215
3216
3217
3223
3224
3226
3229
3230
3231
3233
3234
3236
3237
3244
3245
3246
3248
3249
3250
3251
3257
3258
3259
3261
3262
3263
3265
3266
3267
3272
3274
3275
3276
3277
3282
3283
3287
3291
3292
3294
3295
3296
3297
3298
3301
3308
3309
3313
3315
3316
3318
3320
3322
3323
3326
3327
3328
3329
3334
3337
3338
3339
3340
3348
3349
3350
3352
3353
3354
3358
3361
3362
3364
3367
3370
3371
3373
3374
3375
3378
3380
3387
3388
3389
3392
3395
3400
3402
3406
3407
3408
3411
3412
3413
3415
3416
3417
3421
3422
3424
3429
3430
3433
3436
3437
3438
3439
3441
3442
3446
3450
3452
3454
3456
3457
3458
3459
3461
3463
3464
3465
3469
3471
3473
3474
3476
3489
3491
3495
3496
3497
3498
3499
3501
3503
3504
3509
3510
3512
3514
3520
3521
3522
3524
3525
3533
3534
3535
3536
3537
3538
3539
3540
3543
3547
3548
3549
3550
3552
3553
3554
3555
3556
3562
3564
3566
3567
3568
3570
3571
3572
3574
3575
3576
3577
3578
3579
3580
3581
3582
3583
3587
3588
3589
3594
3595
3596
3598
3602
3605
3606
3608
3609
3610
3616
3617
3618
3621
3624
3625
3630
3631
3642
3643
3647
3649
3651
3652
3653
3654
3655
3656
3657
3658
3663
3664
3665
3668
3669
3670
3672
3673
3677
3678
3679
3681
3683
3684
3685
3687
3688
3690
3693
3694
3695
3699
3702
3703
3706
3707
3709
3710
3711
3712
3715
3716
3718
3719
3720
3723
3725
3730
3731
3732
3733
3734
3737
3739
3740
3741
3742
3744
3745
3746
3749
3750
3753
3754
3757
3758
3759
3764
3765
3769
3773
3775
3779
3780
3781
3782
3783
3786
3787
3794
3802
3803
3804
3807
3808
3810
3814
3815
3816
3819
3820
3821
3822
3823
3824
3825
3826
3830
3831
3836
3838
3842
3843
3844
3845
3848
3849
3853
3858
3862
3863
3864
3869
3870
3871
3872
3874
3881
3884
3888
3889
3891
3893
3894
3895
3896
3897
3904
3905
3907
3908
3911
3912
3916
3920
3921
3922
3925
3926
3928
3929
3930
3931
3932
3933
3934
3935
3942
3943
3952
3954
3961
3962
3971
3974
3988
3990
3998
3999
4000
4001
4002
4003
4007
4018
4019
4020
4021
4023
4025
4026
4027
4028
4029
4030
4032
4033
4037
4038
4041
4045
4046
4049
4050
4052
4053
4061
4063
4064
4065
4066
4067
4068
4078
4079
4080
4081
4084
4085
4088
4095
4096
4097
4098
4099
4100
4101
4102
4103
4104
4105
4106
4107
4108
4110
4111
4116
4117
4120
4121
4123
4127
4131
4132
4133
4134
4135
4136
4140
4141
4142
4143
4144
4145
4147
4148
4150
4151
4153
4155
4156
4157
4158
4160
4161
4163
4165
4167
4168
4170
4173
4177
4179
4182
4186
4187
4188
4189
4190
4191
4192
4196
4197
4198
4202
4203
4212
4213
4221
4223
4225
4227
4228
4230
4236
4238
4239
4245
4248
4249
4250
4254
4257
4258
4259
4260
4266
4267
4271
4274
4275
4276
4281
4282
4283
4286
4288
4289
4291
4292
4293
4294
4298
4299
4302
4306
4307
4308
4311
4312
4313
4314
4315
4324
4328
4329
4330
4331
4335
4338
4339
4342
4346
4351
4353
4354
4355
4357
4362
4364
4365
4370
4371
4372
4373
4374
4375
4383
4384
4386
4387
4396
4398
4399
4400
4401
4405
4408
4409
4410
4411
4418
4419
4423
4426
4428
4431
4432
4435
4439
4440
4441
4442
4443
4444
4449
4450
4451
4452
4453
4454
4457
4458
4469
4471
4472
4473
4477
4480
4481
4482
4483
4484
4489
4491
4493
4497
4501
4503
4505
4507
4512
4514
4515
4516
4517
4518
4519
4520
4523
4524
4525
4526
4527
4530
4532
4533
4535
4539
4541
4542
4546
4557
4558
4559
4560
4561
4562
4564
4570
4571
4573
4574
4576
4577
4578
4579
4585
4586
4587
4589
4590
4592
4596
4597
4598
4602
4607
4611
4615
4618
4621
4623
4627
4634
4635
4637
4643
4645
4646
4647
4648
4655
4656
4657
4661
4662
4663
4664
4666
4670
4677
4678
4684
4687
4688
4710
4711
4716
4717
4718
4725
4728
4730
4731
4738
4740
4741
4745
4747
4748
4749
4750
4754
4756
4758
4761
4770
4775
4778
4781
4784
4785
4789
4790
4791
4794
4798
4799
4800
4803
4804
4805
4807
4808
4811
4812
4815
4818
4819
4826
4831
4833
4837
4838
4840
4842
4844
4845
4854
4858
4859
4864
4870
4872
4873
4874
4880
4882
4883
4884
4886
4887
4891
4892
4894
4897
4898
4902
4904
4912
4914
4915
4918
4922
4924
4926
4932
4934
4935
4937
4942
4943
4944
4945
4947
4948
4949
4952
4953
4955
4956
4958
4964
4965
4966
4968
4969
4970
4972
4973
4975
4976
4978
4981
4982
4983
4984
4985
4986
4987
4988
4989
4992
4993
4994
4995
4996
4997
4998
4999
5000
5001
5002
5003
5004
5005
5006
5007
5008
5009
5010
5011
5012
5013
5014
5015
5016
5017
5018
5019
5020
5021
5022
5023
