2
3
4
5
6
7
8
9
10
12
14
15
16
19
20
22
23
29
30
34
37
38
39
42
43
44
45
46
47
48
51
52
53
54
56
57
60
61
62
63
64
65
67
68
69
70
71
72
75
76
77
78
82
83
86
87
88
89
90
93
94
95
96
97
99
100
101
102
103
104
105
106
107
108
109
110
113
114
115
116
117
118
119
125
126
127
128
129
130
131
132
133
134
135
137
138
139
142
147
148
149
152
153
154
155
156
159
160
161
162
163
164
165
166
167
168
169
170
171
172
175
176
177
178
181
182
184
185
189
190
193
194
195
196
197
199
202
203
204
207
208
210
211
212
215
216
217
218
219
220
222
223
224
229
230
232
233
234
235
236
237
238
239
240
241
242
243
246
247
248
251
252
253
255
256
259
260
261
262
263
265
266
267
268
269
270
271
272
273
277
282
283
284
285
289
290
292
293
296
297
298
299
300
301
302
308
309
313
314
315
316
318
322
323
324
325
326
327
328
329
330
331
332
333
334
336
337
338
339
340
341
343
344
345
349
350
351
352
353
354
355
356
357
358
359
360
361
362
363
364
365
366
369
370
371
372
373
374
375
376
377
378
379
380
381
382
387
388
389
390
393
394
395
399
400
402
403
404
407
408
409
410
411
412
413
414
415
416
417
418
422
423
424
425
426
427
428
430
431
432
433
434
435
436
437
440
443
444
445
448
449
451
452
453
454
455
456
457
458
459
460
463
465
469
470
471
472
473
474
475
476
477
478
479
480
481
483
484
485
486
487
488
489
490
491
492
493
495
498
501
502
504
505
506
507
508
509
510
511
515
516
517
518
521
522
526
527
528
529
530
531
532
536
537
538
539
540
541
542
543
545
546
548
549
551
552
553
557
558
559
560
561
562
563
564
565
566
567
568
575
576
578
579
580
581
585
586
587
588
589
590
591
592
593
594
595
596
597
598
599
600
603
604
605
606
607
612
613
614
617
618
619
620
621
622
623
624
626
627
630
631
632
633
637
638
639
640
641
642
643
645
646
647
648
650
651
652
653
654
655
656
657
658
659
660
662
663
664
666
667
669
670
671
672
673
674
675
676
680
681
682
686
687
688
689
690
691
694
695
696
697
698
699
703
704
705
706
707
708
709
710
711
712
715
716
717
718
721
722
723
724
725
727
728
729
731
732
734
735
736
737
738
739
742
743
744
745
746
747
748
749
753
754
755
759
761
762
764
765
767
768
769
773
774
775
776
778
779
781
782
783
787
788
789
795
796
797
799
800
801
802
803
804
805
806
807
808
809
810
812
815
816
817
818
819
820
821
822
823
824
825
827
829
831
832
834
835
836
838
839
840
844
845
847
850
854
855
856
857
860
861
862
864
865
866
869
870
875
876
877
881
882
883
885
886
887
888
889
890
893
895
896
897
899
900
901
902
904
905
906
907
909
910
911
914
915
916
917
919
920
921
922
923
924
925
931
932
933
935
936
937
938
940
943
944
950
951
956
957
958
959
967
968
969
973
974
975
976
977
981
983
987
988
994
1001
1005
1006
1007
1008
1009
1010
1011
1012
1013
1016
1017
1021
1022
1023
1024
1025
1026
1027
1028
1033
1034
1035
1038
1039
1040
1041
1042
1046
1047
1053
1057
1058
1059
1060
1061
1062
1063
1064
1065
1066
1067
1068
1069
1070
1071
1072
1073
1074
1075
1078
1079
1084
1085
1086
1091
1092
1094
1095
1100
1101
1102
1103
1104
1106
1109
1110
1114
1115
1116
1117
1120
1123
1125
1126
1127
1129
1130
1132
1133
1134
1138
1141
1142
1143
1144
1145
1147
1148
1149
1152
1161
1162
1163
1164
1165
1166
1167
1168
1170
1171
1173
1182
1183
1184
1185
1189
1192
1193
1195
1196
1197
1199
1200
1201
1203
1204
1205
1206
1207
1208
1216
1217
1218
1220
1221
1228
1229
1231
1232
1233
1241
1242
1244
1245
1246
1247
1249
1250
1253
1254
1255
1259
1260
1262
1263
1264
1265
1270
1271
1274
1281
1282
1285
1286
1287
1288
1289
1291
1292
1293
1296
1297
1299
1301
1302
1311
1312
1313
1315
1316
1318
1319
1320
1321
1322
1326
1327
1330
1331
1335
1336
1337
1338
1340
1341
1342
1345
1346
1347
1348
1349
1350
1351
1352
1353
1354
1357
1359
1362
1363
1364
1367
1368
1369
1375
1376
1378
1379
1380
1383
1384
1387
1388
1389
1390
1396
1399
1403
1404
1405
1406
1407
1410
1411
1415
1417
1418
1419
1420
1427
1428
1434
1435
1436
1438
1441
1447
1459
1461
1462
1466
1467
1470
1471
1474
1478
1480
1481
1482
1488
1498
1499
1500
1501
1502
1503
1504
1509
1512
1513
1514
1524
1525
1526
1527
1532
1535
1536
1537
1539
1540
1541
1544
1545
1546
1547
1548
1550
1551
1552
1553
1554
1558
1560
1565
1566
1567
1568
1569
1572
1573
1574
1577
1578
1580
1581
1584
1585
1586
1587
1590
1596
1599
1600
1601
1604
1605
1606
1610
1611
1614
1617
1618
1619
1620
1622
1623
1624
1632
1633
1635
1637
1639
1640
1641
1648
1652
1653
1655
1656
1657
1661
1662
1663
1664
1668
1669
1674
1675
1677
1691
1692
1699
1701
1702
1703
1705
1708
1710
1711
1712
1713
1714
1716
1720
1730
1731
1732
1734
1735
1738
1739
1741
1743
1744
1747
1749
1750
1754
1755
1759
1763
1765
1771
1773
1774
1775
1776
1780
1790
1792
1793
1799
1804
1812
1814
1815
1820
1821
1824
1825
1826
1827
1830
1831
1833
1835
1837
1838
1842
1843
1854
1855
1859
1860
1861
1863
1870
1872
1873
1874
1875
1881
1882
1883
1884
1885
1886
1902
1905
1907
1914
1925
1928
1931
1934
1935
1944
1946
1947
1949
1950
1951
1954
1955
1961
1963
1965
1966
1969
1970
1971
1973
1977
1978
1990
1991
1997
2001
2003
2011
2013
2019
2024
2028
2034
2035
2042
2044
2045
2052
2053
2054
2055
2057
2058
2060
2068
2071
2082
2086
2096
2102
2103
2104
2105
2106
2109
2110
2111
2114
2117
2120
2124
2126
2127
2133
2136
2137
2138
2146
2147
2148
2158
2159
2172
2173
2178
2182
2183
2184
2185
2186
2188
2189
2190
2191
2192
2193
2196
2201
2204
2205
2206
2210
2211
2216
2217
2218
2219
2220
2222
2223
2224
2240
2244
2245
2250
2253
2259
2266
2271
2272
2273
2278
2282
2283
2289
2290
2291
2292
2293
2294
2298
2301
2303
2304
2306
2308
2309
2310
2311
2313
2317
2320
2321
2323
2325
2326
2327
2328
2333
2340
2346
2348
2349
2353
2354
2361
2363
2364
2366
2367
2368
2369
2378
2382
2387
2389
2395
2403
2405
2406
2408
2409
2412
2421
2425
2426
2429
2430
2431
2432
2434
2435
2438
2439
2452
2455
2459
2460
2461
2462
2472
2475
2477
2478
2488
2495
2496
2497
2504
2509
2517
2520
2521
2522
2525
2526
2528
2529
2530
2533
2540
2541
2542
2544
2546
2550
2554
2555
2565
2566
2570
2571
2572
2581
2582
2583
2585
2586
2588
2589
2591
2592
2593
2594
2597
2598
2601
2602
2603
2604
2605
2607
2609
2611
2617
2618
2621
2630
2632
2642
2646
2658
2659
2661
2668
2672
2679
2685
2686
2687
2691
2703
2705
2706
2707
2714
2718
2723
2728
2747
2748
2756
2757
2760
2761
2767
2768
2769
2770
2774
2775
2785
2786
2787
2788
2789
2801
2805
2818
2819
2821
2827
2831
2840
2841
2848
2849
2854
2859
2864
2865
2866
2867
2871
2872
2873
2874
2876
2877
2878
2879
2881
2897
2898
2899
2906
2910
2920
2925
2926
2927
2928
2931
2932
2933
2937
2940
2941
2947
2948
2954
2955
2967
2968
2969
2971
2975
2981
2988
2997
2998
3003
3004
3007
3018
3019
3020
3024
3025
3033
3034
3041
3042
3044
3051
3057
3058
3060
3068
3070
3074
3077
3078
3079
3080
3083
3091
3092
3093
3094
3096
3100
3104
3117
3123
3127
3128
3138
3141
3142
3147
3149
3168
3185
3187
3193
3194
3195
3201
3219
3220
3227
3228
3247
3252
3253
3254
3255
3260
3271
3278
3280
3281
3284
3285
3288
3293
3302
3304
3305
3306
3307
3314
3319
3321
3330
3335
3336
3345
3346
3347
3351
3355
3357
3359
3360
3366
3369
3372
3376
3382
3385
3396
3398
3401
3404
3405
3409
3410
3423
3427
3428
3432
3440
3445
3447
3462
3467
3470
3472
3475
3481
3486
3488
3502
3505
3506
3507
3508
3513
3518
3519
3526
3527
3528
3532
3541
3551
3557
3558
3559
3560
3563
3569
3584
3585
3586
3590
3599
3600
3603
3604
3607
3619
3620
3626
3628
3632
3633
3634
3635
3636
3637
3638
3644
3645
3666
3667
3675
3676
3686
3689
3691
3692
3704
3705
3714
3717
3721
3722
3726
3728
3729
3735
3736
3738
3743
3751
3752
3755
3756
3760
3761
3762
3763
3770
3771
3772
3777
3778
3784
3788
3789
3790
3791
3792
3795
3796
3805
3811
3812
3818
3828
3829
3832
3833
3834
3835
3837
3850
3851
3852
3854
3855
3856
3857
3859
3860
3861
3865
3873
3879
3887
3890
3892
3898
3899
3901
3906
3909
3910
3913
3914
3924
3936
3944
3948
3953
3958
3960
3963
3967
3968
3969
3972
3973
3978
3979
3980
3996
3997
4005
4006
4011
4014
4015
4016
4022
4034
4036
4039
4040
4042
4043
4048
4051
4060
4062
4070
4075
4076
4077
4082
4083
4086
4087
4089
4090
4091
4093
4113
4114
4115
4118
4119
4124
4125
4126
4128
4129
4130
4139
4149
4154
4159
4166
4171
4172
4174
4175
4176
4178
4181
4183
4194
4201
4204
4205
4206
4208
4209
4211
4217
4218
4222
4226
4231
4232
4233
4234
4235
4237
4240
4241
4242
4247
4251
4252
4255
4256
4261
4262
4263
4264
4265
4272
4273
4277
4278
4279
4280
4284
4285
4287
4290
4295
4297
4301
4303
4304
4305
4309
4310
4320
4332
4333
4334
4348
4356
4359
4360
4361
4363
4366
4367
4380
4381
4382
4385
4390
4403
4404
4406
4407
4420
4421
4422
4424
4425
4427
4433
4434
4436
4437
4438
4445
4446
4447
4448
4455
4456
4461
4464
4465
4466
4467
4468
4470
4474
4475
4485
4486
4490
4492
4502
4504
4508
4509
4510
4511
4528
4529
4534
4536
4547
4551
4552
4554
4555
4563
4575
4582
4588
4591
4593
4594
4595
4600
4601
4603
4606
4608
4609
4612
4613
4614
4619
4620
4625
4626
4629
4630
4631
4632
4633
4636
4639
4640
4641
4644
4650
4651
4654
4659
4660
4665
4668
4673
4674
4679
4683
4690
4693
4696
4697
4699
4700
4702
4703
4704
4705
4706
4709
4712
4713
4714
4715
4719
4720
4721
4723
4724
4726
4727
4732
4736
4737
4742
4743
4744
4746
4757
4759
4760
4762
4763
4766
4767
4769
4773
4774
4777
4779
4780
4786
4793
4796
4797
4801
4806
4809
4810
4814
4817
4822
4824
4825
4829
4830
4836
4839
4841
4843
4846
4847
4848
4849
4851
4852
4853
4855
4856
4857
4863
4865
4868
4869
4871
4878
4879
4881
4885
4888
4895
4896
4899
4900
4901
4903
4905
4906
4907
4908
4910
4911
4916
4917
4919
4921
4923
4931
4938
4941
4950
4951
4957
4960
4961
4962
4967
4971
4974
4977
4979
4980
4990
4991
