11
55
98
124
151
173
174
179
180
183
186
187
188
191
198
200
201
205
206
221
225
226
227
231
245
257
258
288
291
294
295
306
307
335
347
383
384
405
406
429
494
497
499
500
547
577
582
602
615
616
625
634
644
668
678
679
683
684
685
713
714
719
720
750
780
792
793
828
830
843
846
851
853
898
941
942
945
946
948
949
966
995
996
997
998
1018
1019
1020
1045
1051
1052
1076
1077
1087
1088
1089
1105
1119
1135
1136
1137
1146
1151
1160
1209
1210
1226
1227
1235
1251
1252
1257
1275
1276
1277
1294
1295
1308
1309
1310
1325
1332
1370
1374
1381
1382
1392
1393
1394
1398
1402
1408
1409
1412
1413
1414
1423
1424
1429
1431
1432
1437
1445
1448
1449
1464
1475
1476
1483
1484
1485
1494
1495
1496
1508
1510
1511
1520
1555
1556
1592
1598
1607
1613
1625
1626
1629
1630
1638
1645
1654
1667
1670
1671
1672
1673
1685
1686
1688
1690
1695
1718
1719
1721
1722
1723
1725
1726
1736
1745
1746
1751
1752
1753
1768
1769
1779
1781
1795
1796
1798
1800
1805
1818
1819
1836
1839
1845
1847
1848
1857
1868
1871
1879
1880
1890
1896
1899
1909
1910
1929
1930
1933
1936
1937
1938
1948
1957
1959
1960
1972
1979
1981
1983
1989
2002
2004
2021
2022
2023
2025
2041
2056
2059
2061
2069
2072
2078
2079
2088
2089
2090
2091
2092
2107
2108
2112
2121
2122
2123
2131
2134
2149
2150
2151
2152
2154
2164
2166
2174
2175
2176
2179
2195
2198
2199
2212
2213
2214
2221
2234
2235
2236
2237
2238
2247
2248
2249
2251
2252
2254
2255
2256
2257
2260
2263
2267
2299
2316
2318
2331
2332
2335
2344
2345
2350
2351
2358
2359
2365
2380
2392
2393
2394
2397
2400
2401
2402
2407
2410
2413
2417
2418
2420
2423
2424
2436
2437
2446
2448
2449
2451
2453
2454
2465
2467
2468
2470
2476
2483
2489
2500
2501
2503
2505
2511
2512
2513
2514
2515
2516
2518
2523
2524
2534
2536
2547
2551
2552
2559
2560
2564
2568
2569
2599
2600
2612
2613
2614
2615
2616
2620
2625
2627
2631
2633
2641
2645
2648
2656
2657
2664
2667
2673
2676
2677
2678
2682
2697
2701
2702
2715
2716
2719
2726
2732
2741
2742
2743
2745
2746
2752
2753
2759
2762
2763
2764
2766
2773
2779
2780
2794
2798
2799
2806
2807
2810
2812
2813
2820
2822
2828
2832
2837
2839
2847
2850
2851
2852
2857
2862
2863
2868
2875
2882
2887
2888
2892
2893
2894
2895
2896
2903
2908
2909
2915
2918
2919
2930
2942
2944
2950
2951
2952
2953
2956
2961
2963
2982
2986
2987
2991
2993
3000
3010
3011
3012
3013
3021
3026
3027
3028
3043
3059
3069
3084
3085
3086
3087
3089
3095
3098
3101
3102
3103
3105
3108
3114
3120
3122
3130
3134
3135
3136
3139
3144
3145
3146
3148
3155
3156
3157
3163
3164
3165
3177
3181
3182
3184
3186
3196
3197
3198
3214
3218
3221
3222
3225
3232
3235
3238
3239
3240
3241
3242
3243
3256
3264
3268
3269
3270
3273
3279
3286
3289
3290
3299
3300
3303
3310
3311
3312
3317
3324
3325
3331
3332
3333
3341
3342
3343
3344
3356
3363
3365
3368
3377
3379
3381
3383
3384
3386
3390
3391
3393
3394
3397
3399
3403
3414
3418
3419
3420
3425
3426
3431
3434
3435
3443
3444
3448
3449
3451
3453
3455
3460
3466
3468
3477
3478
3479
3480
3482
3483
3484
3485
3487
3490
3492
3493
3494
3500
3511
3515
3516
3517
3523
3529
3530
3531
3542
3544
3545
3546
3561
3565
3573
3591
3592
3593
3597
3601
3611
3612
3613
3614
3615
3622
3623
3627
3629
3639
3640
3641
3646
3648
3650
3659
3660
3661
3662
3671
3674
3680
3682
3696
3697
3698
3700
3701
3708
3713
3724
3727
3747
3748
3766
3767
3768
3774
3776
3785
3793
3797
3798
3799
3800
3801
3806
3809
3813
3817
3827
3839
3840
3841
3846
3847
3866
3867
3868
3875
3876
3877
3878
3880
3882
3883
3885
3886
3900
3902
3903
3915
3917
3918
3919
3923
3927
3937
3938
3939
3940
3941
3945
3946
3947
3949
3950
3951
3955
3956
3957
3959
3964
3965
3966
3970
3975
3976
3977
3981
3982
3983
3984
3985
3986
3987
3989
3991
3992
3993
3994
3995
4004
4008
4009
4010
4012
4013
4017
4024
4031
4035
4044
4047
4054
4055
4056
4057
4058
4059
4069
4071
4072
4073
4074
4092
4094
4109
4112
4122
4137
4138
4146
4152
4162
4164
4169
4180
4184
4185
4193
4195
4199
4200
4207
4210
4214
4215
4216
4219
4220
4224
4229
4243
4244
4246
4253
4268
4269
4270
4296
4300
4316
4317
4318
4319
4321
4322
4323
4325
4326
4327
4336
4337
4340
4341
4343
4344
4345
4347
4349
4350
4352
4358
4368
4369
4376
4377
4378
4379
4388
4389
4391
4392
4393
4394
4395
4397
4402
4412
4413
4414
4415
4416
4417
4429
4430
4459
4460
4462
4463
4476
4478
4479
4487
4488
4494
4495
4496
4498
4499
4500
4506
4513
4521
4522
4531
4537
4538
4540
4543
4544
4545
4548
4549
4550
4553
4556
4565
4566
4567
4568
4569
4572
4580
4581
4583
4584
4599
4604
4605
4610
4616
4617
4622
4624
4628
4638
4642
4649
4652
4653
4658
4667
4669
4671
4672
4675
4676
4680
4681
4682
4685
4686
4689
4691
4692
4694
4695
4698
4701
4707
4708
4722
4729
4733
4734
4735
4739
4751
4752
4753
4755
4764
4765
4768
4771
4772
4776
4782
4783
4787
4788
4792
4795
4802
4813
4816
4820
4821
4823
4827
4828
4832
4834
4835
4850
4860
4861
4862
4866
4867
4875
4876
4877
4889
4890
4893
4909
4913
4920
4925
4927
4928
4929
4930
4933
4936
4939
4940
4946
4954
4959
4963
